((("madhat2r" .
   [1 0 0 0 0 0 0 0])
  ("M3LIB" .
   [1 0 0 0 0])
  ("emacs" .
   [2 0 0 0 0])
  ("alias" .
   [0 0 0 1 1])
  ("map_data" .
   [2 0 0 0 0 0 0 0])
  ("geom_path" .
   [1 0 0 0 0 0 0 0 0])
  ("print" .
   [2 0 0 0 0])
  ("head" .
   [2 0 0 0])
  ("rbind" .
   [1 0 0 0 0])
  ("outlines" .
   [2 0 0 0 0 0 0 0])
  ("geom_map" .
   [2 0 0 0 0 0 0 0])
  ("geom_polygon" .
   [3 0 0 0 0 0 0 0 0 0 0 0])
  ("worldmap" .
   [1 0 0 0 0 0 0 0])
  ("theme_set" .
   [1 0 0 0 0 0 0 0 0])
  ("write.csv" .
   [1 0 0 0 0 0 0 0 0])
  ("data.frame" .
   [1 0 0 0 0 0 0 0 0 0])
  ("data" .
   [1 0 0 0])
  ("sudo" .
   [3 0 0 0])
  ("update" .
   [1 0 0 0 0 0])
  ("apt-get" .
   [4 0 0 0 0 0 0])
  ("D2_emis_NH3.txt" .
   [1 0 0 0 0 0 0 0 0 0 0 0 0 0 0])
  ("WRFDATA.ARL" .
   [0 0 0 1 0 0 0 0 0 0 0])
  ("cat" .
   [1 0 0])
  ("_00:00:00" .
   [1 0 0 0 0 0 0 0 0])
  ("-i" .
   [1 0])
  ("/arw2arl" .
   [1 0 0 0 0 0 0 0])
  ("ARLDATA.BIN" .
   [0 0 1 2 0 0 0 0 0 0 0])
  ("rm" .
   [2 0])
  ("/wrfout_d02_2014-01-" .
   [0 0 0 0 0 0 1 1 0 0 0 0 0 0 0 0 0 0 0 0])
  ("dir" .
   [2 0 0])
  ("-f" .
   [3 0])
  ("dd" .
   [2 0])
  ("PGM" .
   [2 0 0])
  ("NCARG" .
   [1 0 0 0 0])
  ("psxy" .
   [1 0 0 0])
  ("TRUE" .
   [1 0 0 0])
  ("DATELAB" .
   [1 0 0 0 0 0 0])
  ("date" .
   [1 0 0 0])
  ("-N1/1p" .
   [2 0 0 0 0 0])
  ("43.5" .
   [1 0 0 0])
  ("129.70" .
   [1 0 0 0 0 0])
  ("43.9" .
   [1 0 0 0])
  ("129.85" .
   [1 0 0 0 0 0])
  ("44.3" .
   [1 0 0 0])
  ("130.00" .
   [1 0 0 0 0 0])
  (".eps" .
   [2 0 0 0])
  ("conc_map.eps" .
   [1 0 0 0 0 1 0 0 0 0 0 0])
  ("DATA" .
   [1 0 0 0])
  ("D2_PM2.5.txt" .
   [0 0 0 1 0 0 0 0 0 0 0 0])
  ("-Ba5f5g5" .
   [1 0 0 0 0 0 0 0])
  ("-Cmain.cpt" .
   [1 0 0 0 0 0 0 0 0 0])
  ("gmt" .
   [4 0 0])
  ("-W0.75" .
   [1 0 0 0 0 0])
  ("_Linux4_x86_64intel" .
   [1 0 0 0 0 0 0 0 0 0 0 0 0 0 0 0 0 0 0])
  ("M3HOME" .
   [4 0 0 0 0 0])
  ("~/MODEL_NEW/Intel/CMAQ-4.7.1/data" .
   [0 0 0 0 0 0 0 0 0 0 0 1 0 0 0 0 0 0 0 0 0 0 0 0 0 0 0 0 0 0 0 0 0])
  ("GRID_NAME" .
   [1 0 0 0 0 0 0 0 0])
  ("GRIDCRO2D_" .
   [1 0 0 0 0 0 0 0 0 0])
  ("M3DATA/icon" .
   [1 0 0 0 0 0 0 0 0 0 0])
  ("/mcip" .
   [1 0 0 0 0])
  ("icc" .
   [1 0 0])
  ("_x86_64ifort" .
   [1 0 0 0 0 0 0 0 0 0 0 0])
  ("MPI" .
   [1 0 0])
  ("_x86_64gfort" .
   [1 0 0 0 0 0 0 0 0 0 0 0])
  ("/usr/local/mpich-3.2/include" .
   [0 0 0 0 0 0 0 0 0 0 0 0 0 0 0 0 1 0 0 0 0 0 0 0 0 0 0 0])
  ("M3DATA/mcip" .
   [2 0 0 0 0 0 0 0 0 0 0])
  ("saprc99_ae5_aq" .
   [0 0 0 0 0 0 0 1 1 0 0 0 0 0])
  ("M3DATA" .
   [10 0 0 0 0 0])
  ("DataPath/mcip" .
   [1 0 0 0 0 0 0 0 0 0 0 0 0])
  ("DataPath" .
   [1 0 0 0 0 0 0 0])
  ("2014winter" .
   [1 0 0 0 0 0 0 0 0 0])
  ("save-abbrevs" .
   [0 0 1 0 0 0 0 0 0 0 0 0])
  ("SAS" .
   [0 0 1])
  ("face-font-rescale-alist" .
   [0 0 0 0 0 0 0 0 0 0 0 0 0 0 0 0 0 1 0 0 0 0 0])
  ("setq" .
   [1 0 0 0])
  (":family" .
   [2 0 0 0 1 0 0])
  ("font-spec" .
   [2 0 0 0 0 0 0 0 0])
  ("japanese-jisx0208" .
   [0 0 0 0 0 0 0 0 0 0 0 0 2 0 0 0 0])
  ("nil" .
   [4 0 0])
  ("set-fontset-font" .
   [2 0 0 0 0 0 0 0 0 0 0 0 0 0 0 0])
  ("MPI/mpiexec" .
   [1 0 0 0 0 0 0 0 0 0 0])
  ("Mpich" .
   [1 0 0 0 0])
  (":foreground" .
   [4 0 0 0 0 0 0 0 0 0 0])
  (":background" .
   [4 0 0 0 0 0 0 0 0 0 0])
  ("custom-set-faces" .
   [1 0 0 0 0 0 0 0 0 0 0 0 0 0 0 0])
  ("magit-status" .
   [0 0 0 0 0 0 0 0 0 0 0 1])
  ("kbd" .
   [1 0 0])
  ("global-set-key" .
   [1 0 0 0 0 0 0 0 0 0 0 0 0 0])
  ("magit" .
   [1 0 0 0 0])
  ("add-to-list" .
   [1 0 0 0 0 0 0 0 0 0 0])
  ("package" .
   [1 0 0 0 0 0 0])
  ("helm-R" .
   [1 0 0 0 0 0])
  ("require" .
   [1 0 0 0 0 0 1])
  ("integer" .
   [2 0 0 0 0 0 0])
  ("call" .
   [2 0 0 0])
  ("endif" .
   [1 0 0 0 0])
  ("enddo" .
   [1 0 0 0 0])
  ("write" .
   [2 0 0 0 0])
  ("program" .
   [2 0 0 0 0 0 0])
  ("prin1" .
   [1 0 0 0 0])
  ("font-family-list" .
   [0 0 0 0 0 0 0 0 0 0 0 1 0 0 0 0])
  ("　　<-こんな感じ" .
   [0 0 1 0 0 0 0 0 0])
  ("set-face-attribute" .
   [0 0 0 0 0 0 0 0 0 0 1 0 0 0 0 0 0 0])
  ("default" .
   [1 0 0 0 0 0 0])
  ("DATE" .
   [28 0 0 0])
  ("V5g" .
   [1 0 0])
  ("d2_kumamoto" .
   [1 0 0 0 0 0 0 0 0 0 0])
  ("INCL" .
   [1 0 0 0])
  ("MPICH" .
   [1 0 0 0 0])
  ("add-to-load-path" .
   [1 0 0 0 0 0 0 0 0 0 0 0 0 0 0 0])
  ("~/デスクトップ/GMT/D1_map.eps" .
   [0 0 2 0 0 0 0 0 0 0 0 0 0 0 0 0 0 0 0 0 0 0 0])
  ("-R103/16/152/46r" .
   [1 0 0 0 0 0 0 0 0 0 0 0 0 0 0 0])
  ("-Ba1f1g1" .
   [1 0 0 0 0 0 0 0])
  ("-T0/200/10" .
   [1 0 0 0 0 0 0 0 0 0])
  ("UNIT" .
   [1 0 0 0])
  ("CUTLEVEL" .
   [1 0 0 0 0 0 0 0])
  ("left" .
   [1 0 0 0])
  ("and" .
   [1 0 0])
  ("percent" .
   [2 0 0 0 0 0 0])
  ("length" .
   [1 0 0 0 0 0])
  ("domain" .
   [2 0 0 0 0 0])
  ("year" .
   [2 0 0 0])))
